0.0000 0.0000 0.0000
0.0000 0.0000 0.0000
0.0000 0.0000 0.0000
0.0002 0.0001 0.0001
0.0004 0.0002 0.0002
0.0008 0.0003 0.0005
0.0013 0.0005 0.0008
0.0020 0.0008 0.0012
0.0030 0.0012 0.0018
0.0043 0.0017 0.0026
0.0058 0.0023 0.0035
0.0076 0.0031 0.0046
0.0099 0.0039 0.0059
0.0124 0.0050 0.0075
0.0154 0.0062 0.0092
0.0188 0.0075 0.0113
0.0226 0.0091 0.0136
0.0269 0.0108 0.0162
0.0317 0.0127 0.0190
0.0370 0.0148 0.0222
0.0428 0.0171 0.0257
0.0491 0.0197 0.0295
0.0561 0.0224 0.0336
0.0635 0.0254 0.0381
0.0716 0.0286 0.0430
0.0803 0.0321 0.0482
0.0895 0.0358 0.0537
0.0995 0.0398 0.0597
0.1100 0.0440 0.0660
0.1212 0.0485 0.0727
0.1331 0.0532 0.0798
0.1456 0.0582 0.0874
0.1588 0.0635 0.0953
0.1727 0.0691 0.1036
0.1873 0.0749 0.1124
0.2026 0.0810 0.1215
0.2185 0.0874 0.1311
0.2352 0.0941 0.1411
0.2526 0.1011 0.1516
0.2708 0.1083 0.1625
0.2896 0.1158 0.1738
0.3092 0.1237 0.1855
0.3294 0.1318 0.1977
0.3504 0.1402 0.2103
0.3722 0.1489 0.2233
0.3946 0.1578 0.2368
0.4178 0.1671 0.2507
0.4417 0.1767 0.2650
0.4663 0.1865 0.2798
0.4916 0.1966 0.2949
0.5176 0.2070 0.3105
0.5443 0.2177 0.3266
0.5717 0.2287 0.3430
0.5998 0.2399 0.3599
0.6286 0.2514 0.3772
0.6581 0.2632 0.3949
0.6882 0.2753 0.4129
0.7191 0.2876 0.4314
0.7505 0.3002 0.4503
0.7826 0.3131 0.4696
0.8154 0.3262 0.4892
0.8488 0.3395 0.5093
0.8828 0.3531 0.5297
0.9174 0.3670 0.5504
0.9526 0.3811 0.5716
0.9884 0.3954 0.5931
1.0248 0.4099 0.6149
1.0618 0.4247 0.6371
1.0993 0.4397 0.6596
1.1373 0.4549 0.6824
1.1758 0.4703 0.7055
1.2149 0.4860 0.7290
1.2545 0.5018 0.7527
1.2945 0.5178 0.7767
1.3351 0.5340 0.8010
1.3760 0.5504 0.8256
1.4175 0.5670 0.8505
1.4593 0.5837 0.8756
1.5015 0.6006 0.9009
1.5442 0.6177 0.9265
1.5872 0.6349 0.9523
1.6306 0.6522 0.9783
1.6743 0.6697 1.0046
1.7183 0.6873 1.0310
1.7627 0.7051 1.0576
1.8074 0.7229 1.0844
1.8523 0.7409 1.1114
1.8975 0.7590 1.1385
1.9429 0.7772 1.1657
1.9885 0.7954 1.1931
2.0344 0.8137 1.2206
2.0804 0.8322 1.2482
2.1266 0.8506 1.2760
2.1729 0.8692 1.3038
2.2194 0.8878 1.3317
2.2660 0.9064 1.3596
2.3127 0.9251 1.3876
2.3595 0.9438 1.4157
2.4063 0.9625 1.4438
2.4531 0.9813 1.4719
2.5000 1.0000 1.5000
2.5469 1.0187 1.5281
2.5937 1.0375 1.5562
2.6405 1.0562 1.5843
2.6873 1.0749 1.6124
2.7340 1.0936 1.6404
2.7806 1.1122 1.6683
2.8271 1.1308 1.6962
2.8734 1.1494 1.7240
2.9196 1.1678 1.7518
2.9656 1.1863 1.7794
3.0115 1.2046 1.8069
3.0571 1.2228 1.8343
3.1025 1.2410 1.8615
3.1477 1.2591 1.8886
3.1926 1.2771 1.9156
3.2373 1.2949 1.9424
3.2817 1.3127 1.9690
3.3257 1.3303 1.9954
3.3694 1.3478 2.0217
3.4128 1.3651 2.0477
3.4558 1.3823 2.0735
3.4985 1.3994 2.0991
3.5407 1.4163 2.1244
3.5825 1.4330 2.1495
3.6240 1.4496 2.1744
3.6649 1.4660 2.1990
3.7055 1.4822 2.2233
3.7455 1.4982 2.2473
3.7851 1.5140 2.2710
3.8242 1.5297 2.2945
3.8627 1.5451 2.3176
3.9007 1.5603 2.3404
3.9382 1.5753 2.3629
3.9752 1.5901 2.3851
4.0116 1.6046 2.4069
4.0474 1.6189 2.4284
4.0826 1.6330 2.4496
4.1172 1.6469 2.4703
4.1512 1.6605 2.4907
4.1846 1.6738 2.5108
4.2174 1.6869 2.5304
4.2495 1.6998 2.5497
4.2809 1.7124 2.5686
4.3118 1.7247 2.5871
4.3419 1.7368 2.6051
4.3714 1.7486 2.6228
4.4002 1.7601 2.6401
4.4283 1.7713 2.6570
4.4557 1.7823 2.6734
4.4824 1.7930 2.6895
4.5084 1.8034 2.7051
4.5337 1.8135 2.7202
4.5583 1.8233 2.7350
4.5822 1.8329 2.7493
4.6054 1.8422 2.7632
4.6278 1.8511 2.7767
4.6496 1.8598 2.7897
4.6706 1.8682 2.8023
4.6908 1.8763 2.8145
4.7104 1.8842 2.8262
4.7292 1.8917 2.8375
4.7474 1.8989 2.8484
4.7648 1.9059 2.8589
4.7815 1.9126 2.8689
4.7974 1.9190 2.8785
4.8127 1.9251 2.8876
4.8273 1.9309 2.8964
4.8412 1.9365 2.9047
4.8544 1.9418 2.9126
4.8669 1.9468 2.9202
4.8788 1.9515 2.9273
4.8900 1.9560 2.9340
4.9005 1.9602 2.9403
4.9105 1.9642 2.9463
4.9197 1.9679 2.9518
4.9284 1.9714 2.9570
4.9365 1.9746 2.9619
4.9439 1.9776 2.9664
4.9509 1.9803 2.9705
4.9572 1.9829 2.9743
4.9630 1.9852 2.9778
4.9683 1.9873 2.9810
4.9731 1.9892 2.9838
4.9774 1.9909 2.9864
4.9812 1.9925 2.9887
4.9846 1.9938 2.9908
4.9876 1.9950 2.9925
4.9901 1.9961 2.9941
4.9924 1.9969 2.9954
4.9942 1.9977 2.9965
4.9957 1.9983 2.9974
4.9970 1.9988 2.9982
4.9980 1.9992 2.9988
4.9987 1.9995 2.9992
4.9992 1.9997 2.9995
4.9996 1.9998 2.9998
4.9998 1.9999 2.9999
5.0000 2.0000 3.0000
5.0000 2.0000 3.0000
5.0000 2.0000 3.0000
